arch: 0
assoc: 2
policy: 
  - alloc: 3
  - repl: 0
  - evict: 1
bitwidth: 32
energy_model:
  - rfc.r: 7.31519
  - rfc.w: 8.76570
  - mrf.r: 17.4632 
  - mrf.w: 17.9704

